CUADRADO,6.00,7.00,6.00
RECTANGULO,10.00,10.00,2.00,6.00
RECTANGULO,2.00,5.00,3.00,8.00
SEGMENTO,9.00,6.00,6.00,8.00
TRIANGULO,7.00,2.00,6.00,5.00,3.00,3.00
CIRCULO,8.00,3.00,9.00
RECTANGULO,2.00,5.00,8.00,4.00
SEGMENTO,4.00,8.00,7.00,3.00
CIRCULO,9.00,6.00,4.00
SEGMENTO,5.00,7.00,4.00,8.00
TRIANGULO,2.00,8.00,2.00,9.00,10.00,5.00
TRIANGULO,5.00,7.00,6.00,3.00,3.00,5.00
CIRCULO,6.00,9.00,10.00
CUADRADO,8.00,6.00,2.00
ELIPSE,5.00,9.00,8.00,7.00
ELIPSE,3.00,3.00,6.00,7.00
CIRCULO,8.00,6.00,3.00
ELIPSE,7.00,4.00,10.00,3.00
RECTANGULO,6.00,3.00,10.00,9.00
CUADRADO,8.00,8.00,4.00
ELIPSE,6.00,8.00,7.00,6.00
RECTANGULO,8.00,10.00,7.00,8.00
CUADRADO,8.00,6.00,2.00
CUADRADO,4.00,2.00,10.00
ELIPSE,4.00,4.00,3.00,10.00
ELIPSE,9.00,4.00,9.00,5.00
TRIANGULO,8.00,5.00,10.00,6.00,10.00,6.00
RECTANGULO,7.00,6.00,4.00,3.00
SEGMENTO,3.00,5.00,10.00,10.00
SEGMENTO,2.00,6.00,8.00,2.00
TRIANGULO,3.00,3.00,2.00,5.00,3.00,9.00
CIRCULO,4.00,2.00,5.00
CIRCULO,7.00,2.00,7.00
CUADRADO,10.00,9.00,5.00
SEGMENTO,8.00,3.00,4.00,10.00
TRIANGULO,10.00,8.00,4.00,9.00,7.00,4.00
CUADRADO,8.00,10.00,6.00
RECTANGULO,6.00,2.00,5.00,3.00
RECTANGULO,10.00,3.00,2.00,2.00
SEGMENTO,5.00,5.00,6.00,6.00
TRIANGULO,6.00,2.00,9.00,4.00,7.00,10.00
CIRCULO,10.00,7.00,9.00
RECTANGULO,8.00,3.00,6.00,3.00
SEGMENTO,3.00,9.00,10.00,10.00
CIRCULO,5.00,5.00,9.00
SEGMENTO,2.00,5.00,4.00,2.00
TRIANGULO,6.00,7.00,6.00,2.00,6.00,10.00
TRIANGULO,10.00,10.00,6.00,6.00,4.00,8.00
CIRCULO,3.00,10.00,4.00
CUADRADO,9.00,4.00,5.00
ELIPSE,10.00,4.00,6.00,8.00
ELIPSE,4.00,8.00,7.00,10.00
CIRCULO,9.00,8.00,5.00
ELIPSE,7.00,9.00,10.00,10.00
RECTANGULO,5.00,9.00,6.00,9.00
CUADRADO,5.00,10.00,4.00
ELIPSE,7.00,6.00,3.00,9.00
RECTANGULO,6.00,5.00,10.00,10.00
CUADRADO,5.00,9.00,2.00
CUADRADO,10.00,5.00,5.00
ELIPSE,9.00,7.00,9.00,9.00
ELIPSE,9.00,2.00,8.00,7.00
TRIANGULO,10.00,8.00,3.00,8.00,5.00,6.00
RECTANGULO,5.00,10.00,9.00,6.00
SEGMENTO,5.00,9.00,7.00,2.00
SEGMENTO,9.00,5.00,3.00,10.00
TRIANGULO,6.00,6.00,8.00,8.00,2.00,4.00
CIRCULO,2.00,6.00,7.00
CIRCULO,6.00,4.00,9.00
CUADRADO,9.00,6.00,4.00
SEGMENTO,5.00,5.00,7.00,5.00
TRIANGULO,5.00,2.00,10.00,6.00,4.00,10.00
CUADRADO,7.00,6.00,2.00
RECTANGULO,8.00,4.00,10.00,9.00
RECTANGULO,5.00,5.00,6.00,4.00
SEGMENTO,7.00,3.00,2.00,9.00
TRIANGULO,4.00,7.00,3.00,6.00,6.00,7.00
CIRCULO,6.00,2.00,6.00
RECTANGULO,8.00,2.00,10.00,4.00
SEGMENTO,2.00,10.00,10.00,6.00
CIRCULO,3.00,9.00,2.00
SEGMENTO,2.00,4.00,5.00,9.00
TRIANGULO,5.00,5.00,3.00,5.00,7.00,10.00
TRIANGULO,8.00,3.00,2.00,8.00,7.00,5.00
CIRCULO,8.00,3.00,8.00
CUADRADO,5.00,3.00,6.00
ELIPSE,10.00,9.00,2.00,6.00
ELIPSE,4.00,4.00,3.00,2.00
CIRCULO,10.00,8.00,2.00
ELIPSE,9.00,8.00,8.00,9.00
RECTANGULO,2.00,8.00,6.00,8.00
CUADRADO,6.00,3.00,4.00
ELIPSE,6.00,3.00,2.00,5.00
RECTANGULO,10.00,5.00,8.00,4.00
CUADRADO,4.00,7.00,8.00
CUADRADO,5.00,4.00,9.00
ELIPSE,5.00,6.00,4.00,2.00
ELIPSE,4.00,10.00,4.00,3.00
TRIANGULO,5.00,6.00,6.00,9.00,5.00,10.00
RECTANGULO,10.00,4.00,6.00,9.00
SEGMENTO,10.00,6.00,9.00,2.00
SEGMENTO,9.00,4.00,4.00,6.00
TRIANGULO,8.00,2.00,6.00,3.00,7.00,9.00
CIRCULO,10.00,3.00,9.00
CIRCULO,10.00,6.00,7.00
CUADRADO,4.00,5.00,2.00
SEGMENTO,10.00,2.00,10.00,2.00
TRIANGULO,4.00,7.00,7.00,9.00,9.00,7.00
CUADRADO,8.00,4.00,9.00
RECTANGULO,8.00,6.00,8.00,10.00
RECTANGULO,9.00,4.00,7.00,10.00
SEGMENTO,8.00,4.00,4.00,4.00
TRIANGULO,9.00,8.00,8.00,10.00,9.00,3.00
CIRCULO,6.00,2.00,10.00
RECTANGULO,6.00,6.00,4.00,8.00
SEGMENTO,10.00,7.00,6.00,5.00
CIRCULO,5.00,10.00,3.00
SEGMENTO,2.00,9.00,10.00,2.00
TRIANGULO,5.00,8.00,9.00,6.00,3.00,2.00
TRIANGULO,10.00,9.00,5.00,5.00,7.00,5.00
CIRCULO,2.00,2.00,3.00
CUADRADO,6.00,9.00,6.00
ELIPSE,5.00,7.00,7.00,7.00
ELIPSE,9.00,7.00,7.00,10.00
CIRCULO,2.00,8.00,8.00
ELIPSE,2.00,3.00,4.00,5.00
RECTANGULO,10.00,10.00,5.00,6.00
CUADRADO,9.00,3.00,2.00
ELIPSE,8.00,10.00,3.00,8.00
RECTANGULO,9.00,9.00,9.00,6.00
CUADRADO,3.00,10.00,8.00
CUADRADO,8.00,6.00,6.00
ELIPSE,2.00,2.00,8.00,10.00
ELIPSE,9.00,4.00,9.00,10.00
TRIANGULO,3.00,7.00,9.00,3.00,6.00,7.00
RECTANGULO,9.00,8.00,10.00,5.00
SEGMENTO,2.00,5.00,3.00,6.00
SEGMENTO,7.00,4.00,9.00,7.00
TRIANGULO,2.00,10.00,6.00,3.00,2.00,2.00
CIRCULO,9.00,9.00,6.00
CIRCULO,9.00,4.00,5.00
CUADRADO,9.00,9.00,10.00
SEGMENTO,10.00,10.00,5.00,6.00
TRIANGULO,7.00,5.00,4.00,9.00,5.00,10.00
CUADRADO,3.00,10.00,5.00
RECTANGULO,2.00,3.00,4.00,6.00
RECTANGULO,9.00,4.00,9.00,6.00
SEGMENTO,5.00,4.00,6.00,3.00
TRIANGULO,6.00,2.00,9.00,5.00,10.00,9.00
CIRCULO,6.00,8.00,7.00
RECTANGULO,3.00,6.00,5.00,9.00
SEGMENTO,8.00,8.00,9.00,4.00
CIRCULO,3.00,6.00,10.00
SEGMENTO,8.00,6.00,9.00,9.00
TRIANGULO,5.00,3.00,5.00,3.00,8.00,3.00
TRIANGULO,5.00,5.00,8.00,4.00,9.00,3.00
CIRCULO,7.00,3.00,4.00
CUADRADO,8.00,3.00,5.00
ELIPSE,3.00,3.00,5.00,8.00
ELIPSE,5.00,8.00,7.00,6.00
CIRCULO,8.00,6.00,0.00
ELIPSE,9.00,5.00,10.00,10.00
RECTANGULO,9.00,9.00,8.00,6.00
CUADRADO,4.00,8.00,10.00
ELIPSE,3.00,10.00,3.00,8.00
RECTANGULO,8.00,3.00,5.00,7.00
CUADRADO,6.00,5.00,6.00
CUADRADO,2.00,6.00,7.00
ELIPSE,10.00,6.00,10.00,3.00
ELIPSE,10.00,8.00,9.00,8.00
TRIANGULO,8.00,3.00,5.00,7.00,5.00,4.00
RECTANGULO,8.00,8.00,6.00,8.00
SEGMENTO,9.00,6.00,5.00,7.00
SEGMENTO,8.00,6.00,6.00,10.00
TRIANGULO,4.00,3.00,7.00,7.00,6.00,6.00
CIRCULO,6.00,4.00,6.00
CIRCULO,7.00,7.00,9.00
CUADRADO,3.00,2.00,7.00
SEGMENTO,7.00,3.00,5.00,5.00
TRIANGULO,4.00,4.00,10.00,7.00,3.00,6.00
CUADRADO,7.00,10.00,10.00
RECTANGULO,6.00,2.00,2.00,3.00
RECTANGULO,7.00,5.00,8.00,3.00
SEGMENTO,4.00,8.00,3.00,2.00
TRIANGULO,2.00,5.00,5.00,2.00,6.00,2.00
CIRCULO,2.00,6.00,7.00
RECTANGULO,3.00,2.00,8.00,7.00
SEGMENTO,9.00,10.00,3.00,2.00
CIRCULO,2.00,6.00,9.00
SEGMENTO,7.00,8.00,2.00,6.00
TRIANGULO,4.00,6.00,5.00,7.00,10.00,2.00
TRIANGULO,6.00,8.00,6.00,6.00,8.00,2.00
CIRCULO,7.00,5.00,3.00
CUADRADO,6.00,5.00,7.00
ELIPSE,4.00,4.00,4.00,8.00
ELIPSE,2.00,10.00,6.00,5.00
CIRCULO,8.00,2.00,5.00
ELIPSE,4.00,7.00,2.00,10.00
RECTANGULO,9.00,9.00,5.00,5.00
CUADRADO,10.00,8.00,2.00
ELIPSE,10.00,6.00,3.00,6.00
RECTANGULO,7.00,10.00,10.00,5.00
CUADRADO,4.00,6.00,9.00
CUADRADO,3.00,7.00,10.00
ELIPSE,6.00,7.00,9.00,9.00
ELIPSE,6.00,5.00,9.00,4.00
TRIANGULO,6.00,4.00,5.00,9.00,7.00,5.00
RECTANGULO,4.00,7.00,3.00,5.00
SEGMENTO,7.00,3.00,8.00,5.00
SEMENTO,9.00,8.00,9.00,5.00
TRIANGULO,9.00,4.00,7.00,7.00,2.00,6.00
CIRCULO,4.00,3.00,-5.00
CIRCULO,3.00,2.00,2.00
CUADRADO,5.00,7.00,8.00
SEGMENTO,5.00,7.00,3.00,8.00
TRIANGULO,5.00,2.00,5.00,4.00,9.00,
CUADRADO,7.00,7.00,9.00
RECTANGULO,8.00,10.00,8.00,5.00
RECTANGULO,4.00,4.00,7.00,10.00
SEGMENTO,7.00,10.00,9.00,2.00
TRIANGULO,10.00,2.00,9.00,7.00,2.00,2.00
CIRCULO,3.00,6.00,4.00
RECTANGULO,7.00,10.00,6.00,5.00
SEGMENTO,4.00,8.00,9.00,4.00
CIRCULO,10.00,2.00,7.00
SEGMENTO,5.00,6.00,3.00,3.00
TRIANGULO,7.00,9.00,10.00,9.00,6.00,6.00
TRIANGULO,3.00,4.00,6.00,4.00,7.00,8.00
CIRCULO,4.00,3.00,6.00
CUADRADO,5.00,3.00,9.00
ELIPSE,8.00,8.00,6.00,4.00
ELISE,4.00,9.00,7.00,4.00
CRCULO,8.00,6.00,9.00
ELIPSE,10.00,7.00,2.00,5.00
RECTANGULO,2.00,8.00,10.00,4.00
CUADRADO,10.00,6.00,8.00
ELIPSE,7.00,3.00,6.00,10.00
RECTANGULO,4.00,6.00,7.00,8.00
CUADRADO,4.00,2.00,10.00
CUADRADO,6.00,8.00,8.00
ELIPSE,8.00,9.00,10.00,9.00
ELIPSE,7.00,2.00,5.00,3.00
TRIANGULO,6.00,2.00,6.00,7.00,2.00,7.00
RECTANGULO,4.00,7.00,9.00,10.00
SEGMENTO,8.00,9.00,2.00,7.00
SEGMENTO,4.00,3.00,10.00,2.00
TRIANGULO,9.00,3.00,4.00,2.00,7.00,8.00
CIRCULO,3.00,7.00,9.00
CIRCULO,4.00,10.00,5.00
CUADRADO,2.00,2.00,2.00
SEGMENTO,9.00,6.00,4.00,9.00
CUADRADO,10.00,5.00,5.00
RECTANGULO,6.00,9.00,5.00,2.00
TRIANGLO,6.00,6.00,2.008.00,10.00
RECTANGULO,2.00,6.00,4.00,6.00
SEGMENTO,4.00,8.00,3.00,4.00
TRIANGULO,7.00,10.00,4.00,2.00,2.00,7.00
CIRCULO,8.00,5.00,6.00
RECTANGULO,5.00,9.00,2.00,7.00
SEGMENTO,9.00,7.00,8.00,5.00
CIRCULO,2.00,6.00,2.00
SEGMENTO,4.00,10.00,8.00,7.00
TRIANGULO,4.00,6.00,3.00,5.00,6.00,2.00
TRIANGULO,6.00,8.00,5.00,3.00,2.00,7.00
CIRCULO,7.00,2.00,10.00
CUADRADO,8.00,3.00,5.00
ELIPSE,4.00,10.00,8.00,2.00
ELIPSE,7.00,5.00,6.00,3.00
CIRCULO,7.00,4.00,6.00
ELIPSE,8.00,4.00,9.00,10.00
RECTANGULO,2.00,7.00,6.00,2.00
CUADRADO,6.00,9.00,3.00
ELIPSE,2.00,3.00,8.00,5.00
RECTANGULO,10.00,5.00,8.00,4.00
CUADRADO,5.00,4.00,9.00
CUADRADO,4.00,2.00,6.00
ELIPSE,4.00,9.00,3.00,2.00
ELIPSE,9.00,4.00,4.00,7.00
TRIANGULO,5.00,8.00,6.00,9.00,4.00,6.00
RECTANGULO,3.00,6.00,7.00,4.00
SEGMENTO,6.00,6.00,6.00,10.00
SEGMENTO,8.00,5.00,10.00,2.00
TRIANGULO,5.00,5.00,5.00,2.00,4.00,6.00
CIRCULO,4.00,10.00,9.00
CIRCULO,6.00,2.00,8.00
CUADRADO,2.00,9.00,10.00
SEGMENTO,7.00,3.00,3.00,6.00
TRIANGULO,6.00,3.00,9.00,4.00,6.00,10.00
CUADRADO,4.00,4.00,4.00
RECTANGULO,6.00,5.00,6.00,9.00
RECTANGULO,5.00,6.00,4.00,4.00
SEGMENTO,3.00,7.00,7.00,7.00
TRIANGULO,4.00,7.00,7.00,7.00,10.00,10.00
CIRCULO,2.00,8.00,6.00
RECTANGULO,10.00,6.00,9.00,10.00
SEGMENTO,10.00,7.00,4.00,2.00
CIRCULO,5.00,3.00,2.00
SEGMENTO,7.00,2.00,8.00,9.00
TRIANGULO,7.00,5.00,9.00,7.00,7.00,6.00
TRIANGULO,2.00,8.00,4.00,6.00,3.00,4.00
CIRCULO,10.00,3.00,6.00
CUADRADO,8.00,9.00,9.00
ELIPSE,3.00,5.00,5.00,4.00
ELIPSE,7.00,8.00,3.00,10.00
CIRCULO,3.00,6.00,2.00
ELIPSE,2.00,3.00,8.00,3.00
RECTANGULO,7.00,9.00,4.00,7.00
CUADRADO,7.00,3.00,7.00
ELIPSE,4.00,4.00,9.00,5.00
RECTANGULO,9.00,4.00,8.00,5.00
CUADRADO,7.00,7.00,2.00
CUADRADO,9.00,4.00,4.00
ELIPSE,7.00,7.00,6.00,7.00
ELIPSE,2.00,3.00,10.00,4.00
TRIANGULO,6.00,2.00,10.00,7.00,7.00,4.00
RECTANGULO,3.00,6.00,10.00,4.00
SEGMENTO,4.00,6.00,10.00,3.00
SEGMENTO,8.00,3.00,10.00,5.00
TRIANGULO,5.00,2.00,2.00,6.00,2.00,8.00
CIRCULO,4.00,4.00,2.00
CIRCULO,5.00,4.00,2.00
CUADRADO,6.00,10.00,4.00
SEGMENTO,9.00,5.00,4.00,5.00
TRIANGULO,5.00,4.00,5.00,7.00,10.00,8.00
